3d=true
polyline=true
0.000000 -39.019574 -45.531367
0.000000 -38.988955 -44.993935
0.000000 -38.930002 -44.500375
0.000000 -38.854140 -44.047488
0.000000 -38.754514 -43.599171
0.000000 -38.625640 -43.120692
0.000000 -38.467061 -42.608852
0.000000 -38.274664 -42.062280
0.000000 -38.042965 -41.480976
0.000000 -37.772421 -40.860827
0.000000 -37.459833 -40.200005
0.000000 -37.095147 -39.499424
0.000000 -36.673793 -38.756799
0.000000 -36.192572 -37.969388
0.000000 -35.648285 -37.134449
0.000000 -35.038647 -36.246041
0.000000 -34.360002 -35.299594
0.000000 -33.595441 -34.299678
0.000000 -32.738109 -33.244465
0.000000 -31.782065 -32.128014
0.000000 -30.723653 -30.943927
0.000000 -29.559217 -29.682607
0.000000 -28.281902 -28.337199
0.000000 -26.869315 -26.915015
0.000000 -25.312773 -25.407829
0.000000 -23.604050 -23.807415
0.000000 -21.736748 -22.100063
0.000000 -19.703098 -20.272063
0.000000 -17.478879 -18.326614
0.000000 -15.047182 -16.256404
0.000000 -12.814737 -14.395043
0.000000 -10.770576 -12.715111
0.000000 -8.901903 -11.195586
0.000000 -7.191352 -9.824129
0.000000 -5.627498 -8.584745
0.000000 -4.198916 -7.462810
0.000000 -2.895552 -6.445528
0.000000 -1.706895 -5.523302
0.000000 -0.622891 -4.685164
0.000000 0.364686 -3.923802
0.000000 1.264976 -3.232818
0.000000 2.086205 -2.605814
0.000000 2.834771 -2.036849
0.000000 3.516615 -1.519068
0.000000 4.137678 -1.048815
0.000000 4.703444 -0.620606
0.000000 5.218026 -0.231242
0.000000 5.686451 0.123847
0.000000 6.112832 0.446946
0.000000 6.500368 0.741254
0.000000 6.853172 1.009513
0.000000 7.174443 1.253551
0.000000 7.466923 1.475653
0.000000 7.732897 1.677647
0.000000 7.975107 1.861818
0.000000 8.195381 2.029537
0.000000 8.396004 2.182175
0.000000 8.578804 2.321103
