3d=true
polyline=true
0.000000 398.280070 2.630035
0.000000 398.290581 3.084293
0.000000 398.318458 3.529868
0.000000 398.379696 3.965846
0.000000 398.459214 4.391313
0.000000 398.559754 4.805812
0.000000 398.682230 5.206601
0.000000 398.829841 5.592766
0.000000 399.002130 5.959737
0.000000 399.201839 6.307514
0.000000 399.418000 6.636554
0.000000 399.653355 6.951427
0.000000 399.915673 7.263101
0.000000 400.199013 7.571119
0.000000 400.508859 7.873196
0.000000 400.845211 8.166133
0.000000 401.209897 8.446274
0.000000 401.604745 8.710420
0.000000 402.028841 8.955372
0.000000 402.481271 9.180216
0.000000 402.961578 9.383124
0.000000 403.469762 9.561354
0.000000 404.003081 9.714449
0.000000 404.561078 9.840581
0.000000 405.143753 9.939750
0.000000 405.748364 10.016526
0.000000 406.375368 10.065425
0.000000 407.023394 10.089189
0.000000 407.692899 10.096958
0.000000 408.383426 10.080963
0.000000 409.094975 10.045774
0.000000 409.827546 9.987278
0.000000 410.581596 9.905932
0.000000 411.357582 9.803107
0.000000 412.155047 9.679260
0.000000 412.974905 9.533020
0.000000 413.817613 9.363473
0.000000 414.683171 9.171076
0.000000 415.572036 8.955829
0.000000 416.484665 8.716361
0.000000 417.422429 8.454500
0.000000 418.385785 8.168418
0.000000 419.374276 7.857658
0.000000 420.389273 7.521306
0.000000 421.431233 7.158905
0.000000 422.501984 6.771826
0.000000 423.601526 6.360069
0.000000 424.730773 5.920892
0.000000 425.889725 5.452010
0.000000 427.078839 4.952509
0.000000 428.299029 4.422846
0.000000 429.552123 3.861650
0.000000 430.837664 3.267093
0.000000 432.156109 2.636433
0.000000 433.507915 1.969213
0.000000 434.894910 1.264519
0.000000 436.317094 0.520980
0.000000 437.776752 -0.260947
0.000000 439.275255 -1.081262
0.000000 440.813974 -1.941336
0.000000 442.392452 -2.843911
0.000000 444.011603 -3.791729
0.000000 445.672341 -4.785704
0.000000 447.375123 -5.829949
0.000000 449.121777 -6.923093
0.000000 450.913217 -8.067878
0.000000 452.750357 -9.265675
0.000000 454.633197 -10.521054
0.000000 456.562651 -11.835386
0.000000 458.538262 -13.212784
0.000000 460.559116 -14.659646
0.000000 462.624299 -16.179171
0.000000 464.740666 -17.766332
0.000000 466.908674 -19.424328
0.000000 468.981169 -21.043936
0.000000 470.969576 -22.615102
0.000000 472.880750 -24.135998
0.000000 474.717433 -25.607538
0.000000 476.483281 -27.030636
0.000000 478.178751 -28.409862
0.000000 479.807499 -29.744302
0.000000 481.375466 -31.033042
0.000000 482.882652 -32.278824
0.000000 484.327686 -33.488960
0.000000 485.712853 -34.663450
0.000000 487.043180 -35.800466
0.000000 488.320495 -36.900922
0.000000 489.546626 -37.967103
0.000000 490.723858 -39.000380
0.000000 491.854019 -40.000296
0.000000 492.940765 -40.965937
0.000000 493.986838 -41.898217
0.000000 494.992238 -42.799878
0.000000 495.956965 -43.673205
0.000000 496.883304 -44.518198
0.000000 497.772169 -45.336685
0.000000 498.624017 -46.130494
0.000000 499.440219 -46.900539
0.000000 500.223974 -47.645449
0.000000 500.976653 -48.365681
0.000000 501.700084 -49.062149
0.000000 502.394724 -49.735310
0.000000 503.062401 -50.386535
0.000000 503.704029 -51.015367
0.000000 504.320522 -51.622720
0.000000 504.913251 -52.209965
0.000000 505.482673 -52.777559
0.000000 506.029245 -53.326416
0.000000 506.556166 -53.855622
0.000000 507.063893 -54.365177
0.000000 507.553797 -54.855995
0.000000 508.026335 -55.328076
0.000000 508.481050 -55.783705
0.000000 508.919313 -56.222882
0.000000 509.341124 -56.646521
0.000000 509.746940 -57.055079
0.000000 510.139046 -57.448099
0.000000 510.516985 -57.826495
0.000000 510.881671 -58.190724
0.000000 511.234018 -58.541243
0.000000 511.573112 -58.879423
0.000000 511.899410 -59.205264
0.000000 512.212912 -59.520137
0.000000 512.514532 -59.824499
0.000000 512.804727 -60.117893
0.000000 513.085782 -60.399405
0.000000 513.356783 -60.670406
0.000000 513.618644 -60.930439
0.000000 513.872279 -61.180875
0.000000 514.115860 -61.422171
0.000000 514.349844 -61.655698
0.000000 514.575145 -61.880542
0.000000 514.791763 -62.098074
0.000000 515.000612 -62.307380
0.000000 515.202149 -62.508917
0.000000 515.396374 -62.703142
0.000000 515.583744 -62.890055
0.000000 515.764716 -63.070113
0.000000 515.937919 -63.244230
0.000000 516.102896 -63.413777
0.000000 516.261932 -63.577840
0.000000 516.419597 -63.732306
0.000000 516.569493 -63.882202
0.000000 516.695625 -64.040781
0.000000 516.802563 -64.207129
