3d=true
polyline=true
0.000000 20.019799 -7.617276
0.000000 20.039907 -7.049225
0.000000 20.092462 -6.480260
0.000000 20.170152 -5.914037
0.000000 20.266579 -5.354669
0.000000 20.374888 -4.805812
0.000000 20.489138 -4.271579
0.000000 20.644061 -3.749685
0.000000 20.848340 -3.239216
0.000000 21.077754 -2.741086
0.000000 21.309910 -2.256666
0.000000 21.554405 -1.784585
0.000000 21.817180 -1.323929
0.000000 22.096407 -0.874241
0.000000 22.390715 -0.436892
0.000000 22.697362 -0.009597
0.000000 23.040112 0.446489
0.000000 23.424449 0.933194
0.000000 23.854943 1.449604
0.000000 24.337992 1.995262
0.000000 24.885478 2.572910
0.000000 25.504256 3.183005
0.000000 26.196611 3.825090
0.000000 26.966199 4.499165
0.000000 27.829472 5.206601
0.000000 28.792371 5.947855
0.000000 29.858095 6.723384
0.000000 31.045838 7.530903
0.000000 32.361541 8.369498
0.000000 33.819828 9.240997
0.000000 35.430753 10.144486
0.000000 37.209854 11.077680
0.000000 39.172669 12.037837
0.000000 41.334736 13.025871
0.000000 43.714335 14.034927
0.000000 46.331117 15.066376
0.000000 49.204733 16.113363
0.000000 52.359404 17.168576
0.000000 55.818437 18.234757
0.000000 59.608795 19.294997
0.000000 63.759269 20.346554
0.000000 68.310075 21.342814
0.000000 73.317881 22.082240
0.000000 78.796397 22.672684
0.000000 84.763446 23.232509
0.000000 91.256959 23.805587
0.000000 98.324007 24.378208
0.000000 106.014860 24.947630
0.000000 114.385272 25.504713
0.000000 123.494196 26.042145
0.000000 133.405612 26.563582
0.000000 144.189898 27.041147
0.000000 155.924744 27.478039
0.000000 168.691953 27.840897
0.000000 182.582011 28.117382
0.000000 197.692716 28.270020
0.000000 214.129635 28.270020
0.000000 229.270502 28.130178
0.000000 243.216771 27.855978
0.000000 256.060756 27.495405
0.000000 267.890201 27.055771
0.000000 278.783253 26.575464
0.000000 288.814860 26.050371
0.000000 298.051744 25.505627
0.000000 306.557428 24.941232
0.000000 314.389494 24.368611
0.000000 321.600954 23.806958
0.000000 328.240707 23.239821
0.000000 334.353996 22.683195
0.000000 339.982865 22.139822
0.000000 345.165245 21.612444
0.000000 349.936782 21.102432
0.000000 354.329923 20.612071
0.000000 358.375287 20.142732
0.000000 362.099837 19.694415
0.000000 365.529165 19.268034
0.000000 368.686578 18.863132
0.000000 371.594012 18.479709
0.000000 374.271118 18.117308
0.000000 376.736633 17.776386
0.000000 379.006552 17.456943
0.000000 381.097327 17.158522
0.000000 383.022668 16.878381
0.000000 384.795828 16.614692
0.000000 386.427775 16.366084
0.000000 387.929934 16.131186
0.000000 389.312816 15.909541
0.000000 390.586475 15.700692
0.000000 391.759137 15.504639
0.000000 392.838571 15.321382
0.000000 393.833003 15.149550
0.000000 394.748374 14.989143
0.000000 395.591539 14.840161
0.000000 396.367982 14.700776
0.000000 397.083187 14.571902
0.000000 397.741724 14.451711
0.000000 398.348163 14.340203
0.000000 398.906617 14.236921
0.000000 399.421199 14.140951
