3d=true
polyline=true
0.000000 515.636299 -66.630143
0.000000 515.484575 -66.503097
0.000000 515.310915 -66.408041
0.000000 515.134970 -66.292877
0.000000 514.959025 -66.148922
0.000000 514.773483 -65.988058
0.000000 514.568747 -65.822167
0.000000 514.350758 -65.641652
0.000000 514.120887 -65.441943
0.000000 513.874564 -65.225782
0.000000 513.609961 -64.993169
0.000000 513.324336 -64.744561
0.000000 513.016318 -64.477673
0.000000 512.684079 -64.192048
0.000000 512.326248 -63.885401
0.000000 511.940540 -63.556361
0.000000 511.525127 -63.203557
0.000000 511.076353 -62.825618
0.000000 510.592390 -62.421630
0.000000 510.070039 -61.988851
0.000000 509.506558 -61.526367
0.000000 508.897834 -61.031436
0.000000 508.239297 -60.503601
0.000000 507.528205 -59.940120
0.000000 506.759988 -59.338251
0.000000 505.930990 -58.694338
0.000000 505.036184 -58.006096
0.000000 504.070543 -57.270326
0.000000 503.027212 -56.485200
0.000000 501.900707 -55.647062
0.000000 500.683716 -54.752256
0.000000 499.372126 -53.793927
0.000000 497.958168 -52.767962
0.000000 496.431331 -51.672990
0.000000 494.780647 -50.507183
0.000000 492.994691 -49.269170
0.000000 491.062038 -47.954838
0.000000 488.968521 -46.562816
0.000000 486.695860 -45.098131
0.000000 484.233544 -43.552100
0.000000 481.562379 -41.925637
0.000000 478.662714 -40.221484
0.000000 475.515812 -38.437356
0.000000 472.107049 -36.562285
0.000000 468.421344 -34.582104
0.000000 464.420309 -32.521948
0.000000 460.091605 -30.357139
0.000000 456.008310 -28.376958
0.000000 452.147117 -26.588260
0.000000 448.512596 -24.941232
0.000000 445.085096 -23.440444
0.000000 441.864617 -22.048422
0.000000 438.837449 -20.760596
0.000000 435.985312 -19.584735
0.000000 433.303636 -18.501645
0.000000 430.785109 -17.494874
0.000000 428.419677 -16.559852
0.000000 426.194087 -15.703434
0.000000 424.103312 -14.909625
0.000000 422.141411 -14.169742
0.000000 420.299701 -13.481500
0.000000 418.570413 -12.842157
0.000000 416.945778 -12.251713
0.000000 415.420769 -11.702399
0.000000 413.991730 -11.183704
0.000000 412.653634 -10.693343
0.000000 411.402368 -10.224004
0.000000 410.231991 -9.775230
0.000000 409.143417 -9.334225
0.000000 408.133904 -8.891849
0.000000 407.193855 -8.463183
0.000000 406.336523 -8.011210
0.000000 405.555967 -7.547355
0.000000 404.841219 -7.083500
0.000000 404.182682 -6.630613
0.000000 403.594523 -6.167672
0.000000 403.064860 -5.706559
0.000000 402.584553 -5.255500
0.000000 402.149489 -4.817237
0.000000 401.756012 -4.392684
0.000000 401.400923 -3.981841
0.000000 401.078281 -3.587907
0.000000 400.783973 -3.211796
0.000000 400.517542 -2.852594
0.000000 400.276246 -2.508473
0.000000 400.057800 -2.181261
0.000000 399.845295 -1.849936
0.000000 399.637360 -1.507643
0.000000 399.434909 -1.153925
0.000000 399.240227 -0.787411
0.000000 399.056513 -0.407644
0.000000 398.885138 -0.013710
0.000000 398.726102 0.393934
0.000000 398.587631 0.816202
0.000000 398.469268 1.254008
0.000000 398.374212 1.705067
0.000000 398.312517 2.169379
0.000000 398.280070 2.630035
