3d=true
polyline=true
0.000000 8.578804 2.321103
0.000000 8.417483 2.157497
0.000000 8.250678 1.986579
0.000000 8.077932 1.806978
0.000000 7.898788 1.618694
0.000000 7.713246 1.421270
0.000000 7.521306 1.214249
0.000000 7.322054 0.997631
0.000000 7.115490 0.770959
0.000000 6.900700 0.534233
0.000000 6.676770 0.286996
0.000000 6.444614 0.028791
0.000000 6.201947 -0.239925
0.000000 5.948769 -0.520066
0.000000 5.683709 -0.811175
0.000000 5.405853 -1.112795
0.000000 5.114287 -1.425383
0.000000 4.808554 -1.749853
0.000000 4.488654 -2.086205
0.000000 4.152759 -2.435353
0.000000 3.801783 -2.797754
0.000000 3.433898 -3.173865
0.000000 3.049104 -3.564143
0.000000 2.646030 -3.969502
0.000000 2.224219 -4.390399
0.000000 1.783671 -4.827748
0.000000 1.322558 -5.282463
0.000000 0.841337 -5.755458
0.000000 0.339551 -6.248104
0.000000 -0.184171 -6.760858
0.000000 -0.729829 -7.296005
0.000000 -1.298337 -7.854002
0.000000 -1.889695 -8.437134
0.000000 -2.502989 -9.047229
0.000000 -3.140047 -9.686115
0.000000 -3.799498 -10.356534
0.000000 -4.481342 -11.060771
0.000000 -5.184208 -11.802025
0.000000 -5.907182 -12.583495
0.000000 -6.648893 -13.409751
0.000000 -7.405685 -14.284906
0.000000 -8.176187 -15.213073
0.000000 -8.953544 -16.200650
0.000000 -9.738213 -17.250379
0.000000 -10.503231 -18.307420
0.000000 -11.250883 -19.370402
0.000000 -11.979798 -20.439782
0.000000 -12.687691 -21.516931
0.000000 -13.373648 -22.601392
0.000000 -14.036298 -23.694536
0.000000 -14.673356 -24.796363
0.000000 -15.283908 -25.907330
0.000000 -15.865212 -27.027894
0.000000 -16.415897 -28.157598
0.000000 -16.933678 -29.297356
0.000000 -17.415813 -30.447168
0.000000 -17.860474 -31.606120
0.000000 -18.264919 -32.774212
0.000000 -18.632804 -33.949616
0.000000 -18.968242 -35.128676
0.000000 -19.255238 -36.315505
0.000000 -19.490136 -37.508732
0.000000 -19.679334 -38.704701
0.000000 -19.786729 -39.905697
0.000000 -19.799068 -41.106236
0.000000 -19.742857 -42.300834
0.000000 -19.578794 -43.479894
0.000000 -19.256609 -44.620566
0.000000 -18.795953 -45.708226
0.000000 -18.221961 -46.734191
0.000000 -17.494417 -47.652761
0.000000 -16.587729 -48.381676
0.000000 -15.563135 -48.929619
0.000000 -14.474104 -49.319440
0.000000 -13.338459 -49.529203
0.000000 -12.223836 -49.657163
0.000000 -13.295958 -50.009967
0.000000 -14.356655 -50.286909
0.000000 -15.350630 -50.562480
0.000000 -16.294792 -50.817029
0.000000 -17.191883 -51.051927
0.000000 -18.044188 -51.267631
0.000000 -18.853992 -51.465055
0.000000 -19.624037 -51.643742
0.000000 -20.356151 -51.804149
0.000000 -21.052162 -51.947647
0.000000 -21.712984 -52.078806
0.000000 -22.340445 -52.198997
0.000000 -22.936373 -52.309134
0.000000 -23.502139 -52.407389
0.000000 -24.039571 -52.494676
0.000000 -24.550497 -52.571452
0.000000 -25.035374 -52.638631
0.000000 -25.496030 -52.696670
0.000000 -25.933379 -52.745569
0.000000 -26.348792 -52.786242
0.000000 -26.743183 -52.819146
0.000000 -27.117466 -52.845195
0.000000 -27.473012 -52.864389
0.000000 -27.809821 -52.879013
0.000000 -28.129721 -52.887239
0.000000 -28.433169 -52.893180
0.000000 -28.720622 -52.895465
0.000000 -28.992994 -52.896379
0.000000 -29.251656 -52.896836
0.000000 -29.496608 -52.895922
0.000000 -29.746587 -52.891352
0.000000 -30.000222 -52.884497
0.000000 -30.258884 -52.874900
0.000000 -30.522116 -52.861647
0.000000 -30.789461 -52.844738
0.000000 -31.061376 -52.822802
0.000000 -31.338318 -52.796296
0.000000 -31.619373 -52.763849
0.000000 -31.904541 -52.724547
0.000000 -32.194279 -52.677933
0.000000 -32.487673 -52.622636
0.000000 -32.784266 -52.557285
0.000000 -33.084515 -52.481423
0.000000 -33.387963 -52.397335
0.000000 -33.695067 -52.305021
0.000000 -34.005827 -52.204024
0.000000 -34.318872 -52.092516
0.000000 -34.634202 -51.969583
0.000000 -34.949989 -51.831112
0.000000 -35.264862 -51.677103
0.000000 -35.577907 -51.505271
0.000000 -35.890952 -51.320643
0.000000 -36.204454 -51.122762
0.000000 -36.513843 -50.907972
0.000000 -36.815920 -50.672160
0.000000 -37.107486 -50.411670
0.000000 -37.387627 -50.129701
0.000000 -37.657714 -49.828081
0.000000 -37.909064 -49.501783
0.000000 -38.135736 -49.148522
0.000000 -38.339101 -48.772868
0.000000 -38.520073 -48.377563
0.000000 -38.678652 -47.963978
0.000000 -38.812553 -47.533484
0.000000 -38.908066 -47.084710
0.000000 -38.970218 -46.629995
0.000000 -39.011805 -46.114499
0.000000 -39.019574 -45.531367
