3d=true
polyline=true
0.000000 399.421199 14.140951
0.000000 398.898391 14.166086
0.000000 398.318001 14.193049
0.000000 397.673631 14.222754
0.000000 396.958426 14.255201
0.000000 396.164617 14.289933
0.000000 395.283521 14.326950
0.000000 394.304627 14.365795
0.000000 393.218338 14.405554
0.000000 392.012772 14.444856
0.000000 390.673762 14.481873
0.000000 389.187598 14.514320
0.000000 387.537371 14.538998
0.000000 385.705258 14.563219
0.000000 383.671151 14.586983
0.000000 381.413114 14.608462
0.000000 378.906469 14.623543
0.000000 376.123796 14.627199
0.000000 373.034933 14.627199
0.000000 369.606062 14.627199
0.000000 365.799252 14.627199
0.000000 361.573830 14.627199
0.000000 357.647286 14.627199
0.000000 353.999055 14.627199
0.000000 350.609029 14.627199
0.000000 347.459385 14.627199
0.000000 344.532757 14.627199
0.000000 341.813607 14.627199
0.000000 339.286854 14.627199
0.000000 336.938788 14.627199
0.000000 334.757527 14.627199
0.000000 332.730275 14.627199
0.000000 330.846978 14.627199
0.000000 329.097125 14.627199
0.000000 327.471119 14.627199
0.000000 325.960277 14.627199
0.000000 324.556373 14.627199
0.000000 323.251638 14.627199
0.000000 322.039674 14.627199
0.000000 320.913626 14.627199
0.000000 319.867096 14.627199
0.000000 319.867096 13.580669
0.000000 319.867096 12.460562
0.000000 319.867096 11.261851
0.000000 319.867096 9.978595
0.000000 319.867096 8.604853
0.000000 319.867096 7.134227
0.000000 319.867096 5.560319
0.000000 319.867096 3.875817
0.000000 319.867096 2.277688
0.000000 319.867096 0.762276
0.000000 319.867096 -0.674989
0.000000 319.867096 -2.038220
0.000000 319.867096 -3.331530
0.000000 319.867096 -4.558118
0.000000 319.867096 -5.721183
0.000000 319.867096 -6.824381
0.000000 319.867096 -7.870911
0.000000 318.838389 -8.062851
0.000000 317.647447 -8.284496
0.000000 316.269135 -8.540873
0.000000 314.673291 -8.837923
0.000000 312.826097 -9.180673
0.000000 310.687794 -9.577349
0.000000 308.213139 -10.037548
0.000000 305.348206 -10.571324
0.000000 302.032214 -11.186903
0.000000 298.191586 -11.889769
0.000000 293.743148 -12.690433
0.000000 288.593672 -13.617686
0.000000 282.628908 -14.669700
0.000000 275.714955 -15.820426
0.000000 267.697347 -17.063466
0.000000 258.402881 -18.451832
0.000000 247.626364 -19.912861
0.000000 235.125586 -21.306254
0.000000 220.616750 -22.698276
0.000000 203.793666 -23.813356
0.000000 184.287992 -24.655150
0.000000 161.695283 -24.848918
0.000000 142.258159 -24.658349
0.000000 125.547497 -24.264872
0.000000 111.180331 -23.557436
0.000000 98.833105 -22.842231
0.000000 88.217909 -22.079498
0.000000 79.095275 -21.305340
0.000000 71.258639 -20.570941
0.000000 64.525201 -19.874930
0.000000 58.736839 -19.207253
0.000000 53.762394 -18.587561
0.000000 49.488073 -18.024080
0.000000 45.814707 -17.518638
0.000000 42.658208 -17.069864
0.000000 39.945456 -16.671360
0.000000 37.615213 -16.301647
0.000000 35.613553 -15.965295
0.000000 33.892948 -15.665960
0.000000 32.414553 -15.403185
0.000000 31.143636 -15.172857
0.000000 30.051406 -14.968578
0.000000 29.112728 -14.788520
0.000000 28.306123 -14.630855
0.000000 27.612397 -14.493755
0.000000 27.015555 -14.374021
0.000000 26.502801 -14.270739
0.000000 25.927438 -14.173855
0.000000 25.370812 -14.038126
0.000000 24.834294 -13.866751
0.000000 24.319255 -13.663843
0.000000 23.827980 -13.432601
0.000000 23.361840 -13.177138
0.000000 22.922206 -12.902481
0.000000 22.511820 -12.612286
0.000000 22.124284 -12.292386
0.000000 21.741318 -11.896624
0.000000 21.374804 -11.438710
0.000000 21.039366 -10.936467
0.000000 20.749628 -10.410003
0.000000 20.521585 -9.879426
0.000000 20.344726 -9.344279
0.000000 20.182034 -8.773486
0.000000 20.063671 -8.191725
0.000000 20.019799 -7.617276
