0.000000   0.000000   0
1.212484   5.489946   0
3.099400   7.662279   0
5.102855   9.285775   0
7.168788   10.623260  0
9.268203   11.781879  0
11.391566  12.812419  0
13.534980  13.741321  0
15.695561  14.582688  0
17.871736  15.345163  0
20.062537  16.034338  0
22.267325  16.653340  0
24.485661  17.203886  0
26.717240  17.686943  0
28.961850  18.103276  0
31.219349  18.453021  0
33.489642  18.736140  0
35.772675  18.952792  0
38.068424  19.103476  0
40.376888  19.189186  0
42.698086  19.211410  0
45.032057  19.171106  0
47.378857  19.068646  0
49.738556  18.904728  0
52.111233  18.680260  0
54.496981  18.396279  0
56.895908  18.053879  0
59.308133  17.654169  0
61.733788  17.198240  0
64.173016  16.687137  0
66.625976  16.121832  0
69.092834  15.503195  0
71.573764  14.831985  0
74.068948  14.108839  0
76.578574  13.334262  0
79.102836  12.508631  0
81.641933  11.632203  0
84.196065  10.705122  0
86.765431  9.727435   0
89.350235  8.699118   0
91.950676  7.620092   0
94.566948  6.490240   0
97.199239  5.309427   0
99.847729  4.077517   0
102.51259  2.794390   0
105.19399  1.459959   0
107.89208  0.074190   0
110.60703 -1.362915   0
113.33900 -2.851320   0
116.08814 -4.391989   0
118.85460 -5.984882   0
121.63853 -7.629958   0
124.44009 -9.327170   0
127.25943 -11.076464  0
130.09669 -12.877779  0
132.95204 -14.731046  0
135.82562 -16.636187  0
138.71757 -18.593108  0
141.62803 -20.601702  0
144.55712 -22.661849  0
147.50496 -24.773413  0
150.47168 -26.936243  0
153.45737 -29.150175  0
156.46216 -31.415030  0
159.48612 -33.730619  0
162.52935 -36.096736  0
165.59193 -38.513159  0
168.67394 -40.979647  0
171.77544 -43.495939  0
174.89650 -46.061749  0
178.03715 -48.676778  0
181.19745 -51.340710  0
184.37744 -54.053220  0
187.57716 -56.813969  0
190.79664 -59.622603  0
194.03590 -62.478753  0
197.29497 -65.382041  0
200.57385 -68.332082  0
203.87255 -71.328475  0
207.19105 -74.370812  0
210.52934 -77.458676  0
213.88740 -80.591639  0
217.26517 -83.769259  0
220.66263 -86.991084  0
224.07972 -90.256650  0
227.51636 -93.565480  0
230.97249 -96.917090  0
234.44801 -100.310983 0
237.94284 -103.746652 0
241.45686 -107.223573 0
244.98995 -110.741211 0
248.54197 -114.299021 0
252.11278 -117.896447 0
255.70221 -121.532924 0
259.31009 -125.207876 0
262.93622 -128.920717 0
266.58040 -132.670850 0
270.24243 -136.457668 0
273.92206 -140.280556 0
277.61906 -144.138886 0
281.33317 -148.032021 0
285.06412 -151.959316 0
288.81164 -155.920115 0
292.57544 -159.913751 0
296.35521 -163.939549 0
300.15064 -167.996822 0
303.96140 -172.084873 0
307.78715 -176.203001 0
311.62755 -180.350497 0
315.48225 -184.526645 0
319.35088 -188.730720 0
323.23307 -192.961989 0
327.12846 -197.219708 0
331.03667 -201.503129 0
334.95734 -205.811501 0
338.89009 -210.144070 0
342.83457 -214.500080 0
346.79039 -218.878768 0
350.75719 -223.279364 0
354.73459 -227.701093 0
358.72221 -232.143178 0
362.71968 -236.604837 0
366.72663 -241.085284 0
370.74269 -245.583728 0
374.76749 -250.099372 0
378.80066 -254.631417 0
382.84183 -259.179059 0
386.89063 -263.741486 0
390.94670 -268.317880 0
395.00966 -272.907417 0
399.07916 -277.509269 0
403.15482 -282.122600 0
407.23630 -286.746568 0
411.32323 -291.380323 0
415.41524 -296.022011 0
419.51198 -300.669769 0
423.61308 -305.321724 0
427.71820 -309.976989 0
431.82696 -314.634668 0
435.93899 -319.293857 0
440.05394 -323.953642 0
444.17146 -328.613099 0
448.29117 -333.271294 0
452.41274 -337.927284 0
456.53580 -342.580117 0
457.07610 -343.429231 0