0.000000 0.000000 0
1.212484 5.489946 0
3.099400 7.662279 0
5.102855 9.285775 0
7.168788 10.623260 0
9.275969 11.776509 0
11.413356 12.797712 0
13.574298 13.717872 0
15.754401 14.557197 0
17.950562 15.329727 0
20.160491 16.045692 0
22.382428 16.712823 0
24.614984 17.337132 0
26.857036 17.923406 0
29.107655 18.475535 0
31.366064 18.996727 0
33.631600 19.489674 0
35.903690 19.956654 0
38.181838 20.399623 0
40.465605 20.820272 0
42.754600 21.220077 0
45.048477 21.600337 0
47.346921 21.962203 0
49.649649 22.306700 0
51.956400 22.634746 0
54.266937 22.947170 0
56.581042 23.244721 0
58.898513 23.528082 0
61.219162 23.797876 0
63.542813 24.054673 0
65.869305 24.298999 0
68.198483 24.531341 0
70.530204 24.752146 0
72.864331 24.961832 0
75.200737 25.160789 0
77.539301 25.349379 0
79.879906 25.527943 0
82.222443 25.696799 0
84.566808 25.856248 0
86.912901 26.006573 0
89.260627 26.148041 0
91.609895 26.280904 0
93.960616 26.405403 0
96.312708 26.521764 0
98.666090 26.630204 0
101.020684 26.730929 0
103.376416 26.824135 0
105.733213 26.910011 0
108.091007 26.988736 0
110.449730 27.060481 0
112.809317 27.125412 0
115.169706 27.183686 0
117.530836 27.235457 0
119.892648 27.280870 0
122.255086 27.320066 0
124.618095 27.353182 0
126.981620 27.380347 0
129.345610 27.401689 0
131.710015 27.417331 0
134.074785 27.427389 0
136.439874 27.431980 0
138.805233 27.431213 0
141.170819 27.425197 0
143.536588 27.414035 0
145.902497 27.397829 0
148.268505 27.376678 0
150.634570 27.350676 0
153.000654 27.319917 0
155.366719 27.284491 0
157.732726 27.244487 0
160.098640 27.199989 0
162.464424 27.151081 0
164.830044 27.097844 0
167.195467 27.040359 0
169.560659 26.978701 0
171.925588 26.912947 0
174.290222 26.843171 0
176.654531 26.769443 0
179.018485 26.691834 0
181.382055 26.610414 0
183.730423 26.525259 0
186.056343 26.436541 0
188.382055 26.344346 0
190.707549 26.248736 0
193.032812 26.149771 0
195.357835 26.047508 0
197.682606 25.942005 0
200.007115 25.833317 0
202.331353 25.721498 0
204.655308 25.606601 0
206.978972 25.488678 0
209.302335 25.367778 0
211.625387 25.243951 0
213.948120 25.117245 0
216.270525 24.987707 0
218.592593 24.855382 0
220.914316 24.720316 0
223.235684 24.582551 0
225.556691 24.442131 0
227.877328 24.299097 0
230.197587 24.153490 0
232.517461 24.005348 0
234.836941 23.854712 0
237.156022 23.701618 0
239.474695 23.546104 0
241.792954 23.388205 0
244.110791 23.227956 0
246.428200 23.065392 0
248.745175 22.900546 0
251.061707 22.733450 0
253.377792 22.564136 0
255.693422 22.392635 0
258.008592 22.218976 0
260.323295 22.043190 0
262.637526 21.865304 0
264.951278 21.685346 0
267.264546 21.503344 0
269.577324 21.319322 0
271.889606 21.133308 0
274.201386 20.945325 0
276.512660 20.755397 0
278.823422 20.563548 0
281.133665 20.369801 0
283.443387 20.174176 0
285.752579 19.976697 0
288.061239 19.777382 0
290.369361 19.576252 0
292.676939 19.373326 0
294.983968 19.168623 0
297.290444 18.962160 0
299.596362 18.753955 0
301.901717 18.544025 0
304.206504 18.332385 0
306.510719 18.119050 0
308.814355 17.904036 0
311.117410 17.687357 0
313.419878 17.469025 0
315.721754 17.249055 0
318.023033 17.027457 0
320.323712 16.804245 0
322.623785 16.579429 0
324.923248 16.353019 0
327.222096 16.125026 0
329.520325 15.895459 0
331.817930 15.664326 0
334.114906 15.431637 0
336.411248 15.197397 0
338.706953 14.961616 0
341.002014 14.724299 0
343.296429 14.485451 0
345.590192 14.245080 0
347.883298 14.003188 0
350.175742 13.759782 0
352.467520 13.514864 0
354.758628 13.268438 0
357.049060 13.020506 0
359.338811 12.771071 0
361.627876 12.520134 0
363.916252 12.267696 0
366.203932 12.013759 0
368.490912 11.758322 0
370.777186 11.501384 0
373.062750 11.242945 0
375.347598 10.983003 0
377.631725 10.721556 0
379.915127 10.458602 0
382.197797 10.194137 0
384.479730 9.928159 0
386.760921 9.660662 0
389.041364 9.391644 0
391.321054 9.121097 0
393.599985 8.849018 0
395.878151 8.575400 0
398.155547 8.300236 0
400.432166 8.023520 0
402.708003 7.745244 0
404.983051 7.465400 0
407.257304 7.183979 0
409.530757 6.900973 0
411.803403 6.616373 0
414.075234 6.330167 0
416.346246 6.042347 0
418.616431 5.752901 0
420.885782 5.461817 0
423.154293 5.169085 0
425.421956 4.874691 0
427.688765 4.578623 0
429.954713 4.280868 0
432.219791 3.981412 0
434.483993 3.680242 0
436.747312 3.377341 0
439.009739 3.072696 0
441.271267 2.766291 0
443.531887 2.458109 0
445.791593 2.148135 0
448.050375 1.836351 0
450.308226 1.522741 0
452.565136 1.207286 0
454.821098 0.889968 0
457.076103 0.570769 0
0.000000 0.000000 0
3.380481 -5.487949 0
6.086530 -7.658309 0
8.676040 -9.279858 0
11.203071 -10.615422 0
13.688856 -11.766775 0
16.144433 -12.786106 0
18.576455 -13.704421 0
20.989318 -14.541924 0
23.386121 -15.312659 0
25.769157 -16.026854 0
28.140185 -16.692240 0
30.500594 -17.314829 0
32.851507 -17.899409 0
35.193852 -18.449869 0
37.528408 -18.969418 0
39.855838 -19.460745 0
42.176712 -19.926132 0
44.491529 -20.367533 0
46.800727 -20.786639 0
49.104696 -21.184926 0
51.403784 -21.563694 0
53.698305 -21.924093 0
55.988542 -22.267148 0
58.274756 -22.593777 0
60.557183 -22.904809 0
62.836043 -23.200995 0
65.111537 -23.483015 0
67.383854 -23.751493 0
69.653167 -24.007000 0
71.919640 -24.250061 0
74.183427 -24.481162 0
76.444671 -24.700753 0
78.703508 -24.909250 0
80.960067 -25.107043 0
83.214468 -25.294494 0
85.466828 -25.471944 0
87.717256 -25.639712 0
89.965855 -25.798098 0
92.212727 -25.947385 0
94.457966 -26.087841 0
96.701663 -26.219717 0
98.943906 -26.343253 0
101.184779 -26.458677 0
103.424362 -26.566206 0
105.662733 -26.666044 0
107.899966 -26.758390 0
110.136133 -26.843429 0
112.371305 -26.921343 0
114.605547 -26.992303 0
116.838924 -27.056474 0
119.071500 -27.114014 0
121.303335 -27.165075 0
123.534487 -27.209804 0
125.765014 -27.248341 0
127.994970 -27.280822 0
130.224410 -27.307379 0
132.453385 -27.328138 0
134.681945 -27.343221 0
136.910139 -27.352747 0
139.138016 -27.356830 0
141.365621 -27.355581 0
143.593000 -27.349108 0
145.820196 -27.337514 0
148.047252 -27.320902 0
150.274209 -27.299369 0
152.501108 -27.273012 0
154.727989 -27.241922 0
156.954889 -27.206190 0
159.181847 -27.165905 0
161.408898 -27.121152 0
163.636079 -27.072015 0
165.863423 -27.018574 0
168.090965 -26.960909 0
170.318738 -26.899097 0
172.546774 -26.833215 0
174.775105 -26.763334 0
177.003760 -26.689528 0
179.232771 -26.611867 0
181.462166 -26.530418 0
183.706763 -26.445260 0
185.973808 -26.356552 0
188.241060 -26.264378 0
190.508532 -26.168801 0
192.776233 -26.069879 0
195.044175 -25.967672 0
197.312369 -25.862235 0
199.580824 -25.753625 0
201.849552 -25.641894 0
204.118561 -25.527097 0
206.387862 -25.409285 0
208.657464 -25.288507 0
210.927377 -25.164814 0
213.197608 -25.038253 0
215.468168 -24.908870 0
217.739065 -24.776713 0
220.010308 -24.641825 0
222.281904 -24.504250 0
224.553862 -24.364031 0
226.826190 -24.221209 0
229.098896 -24.075825 0
231.371987 -23.927918 0
233.645471 -23.777528 0
235.919355 -23.624691 0
238.193646 -23.469445 0
240.468352 -23.311825 0
242.743480 -23.151867 0
245.019036 -22.989605 0
247.295026 -22.825072 0
249.571459 -22.658300 0
251.848339 -22.489322 0
254.125673 -22.318167 0
256.403468 -22.144867 0
258.681730 -21.969450 0
260.960464 -21.791944 0
263.239676 -21.612378 0
265.519374 -21.430779 0
267.799561 -21.247171 0
270.080244 -21.061582 0
272.361428 -20.874036 0
274.643119 -20.684556 0
276.925322 -20.493166 0
279.208043 -20.299889 0
281.491287 -20.104746 0
283.775059 -19.907759 0
286.059364 -19.708948 0
288.344207 -19.508333 0
290.629594 -19.305934 0
292.915529 -19.101768 0
295.202018 -18.895854 0
297.489065 -18.688210 0
299.776675 -18.478850 0
302.064852 -18.267793 0
304.353603 -18.055052 0
306.642931 -17.840643 0
308.932841 -17.624579 0
311.223338 -17.406875 0
313.514427 -17.187543 0
315.806112 -16.966596 0
318.098398 -16.744045 0
320.391290 -16.519901 0
322.684792 -16.294175 0
324.978909 -16.066876 0
327.273645 -15.838015 0
329.569005 -15.607599 0
331.864994 -15.375638 0
334.161616 -15.142139 0
336.458877 -14.907108 0
338.756780 -14.670552 0
341.055330 -14.432479 0
343.354532 -14.192891 0
345.654391 -13.951796 0
347.954911 -13.709196 0
350.256098 -13.465096 0
352.557955 -13.219499 0
354.860488 -12.972408 0
357.163702 -12.723825 0
359.467601 -12.473751 0
361.772190 -12.222188 0
364.077475 -11.969136 0
366.383460 -11.714596 0
368.690151 -11.458566 0
370.997552 -11.201046 0
373.305668 -10.942034 0
375.614506 -10.681529 0
377.924069 -10.419528 0
380.234364 -10.156027 0
382.545396 -9.891024 0
384.857169 -9.624514 0
387.169691 -9.356493 0
389.482966 -9.086956 0
391.797000 -8.815897 0
394.111799 -8.543310 0
396.427368 -8.269189 0
398.743713 -7.993526 0
401.060842 -7.716315 0
403.378758 -7.437547 0
405.697469 -7.157214 0
408.016982 -6.875307 0
410.337301 -6.591817 0
412.658434 -6.306732 0
414.980387 -6.020045 0
417.303167 -5.731742 0
419.626781 -5.441813 0
421.951235 -5.150247 0
424.276536 -4.857030 0
426.602692 -4.562151 0
428.929710 -4.265596 0
431.257596 -3.967351 0
433.586358 -3.667402 0
435.916005 -3.365735 0
438.246542 -3.062335 0
440.577980 -2.757185 0
442.910324 -2.450271 0
445.243583 -2.141575 0
447.577766 -1.831081 0
449.912880 -1.518771 0
452.248934 -1.204628 0
454.585937 -0.888634 0
456.923897 -0.570769 0