0.000000 0.000000 0
0.154056 -0.628000 0
0.364087 -1.251732 0
0.630017 -1.867937 0
0.951708 -2.473301 0
1.329954 -3.064496 0
1.765489 -3.638213 0
2.258986 -4.191196 0
2.811058 -4.720263 0
3.422259 -5.222337 0
4.093083 -5.694472 0
4.823962 -6.133882 0
5.615269 -6.537969 0
6.467323 -6.904344 0
7.380400 -7.230855 0
8.354721 -7.515630 0
9.390463 -7.757090 0
10.487754 -7.953984 0
11.646675 -8.105405 0
12.867272 -8.210818 0
14.149545 -8.270080 0
15.493455 -8.283472 0
16.898925 -8.251726 0
18.365834 -8.176041 0
19.894019 -8.058099 0
21.483277 -7.900078 0
23.133362 -7.704646 0
24.844000 -7.474961 0
26.614873 -7.214684 0
28.445626 -6.927959 0
30.335868 -6.619414 0
32.285175 -6.294148 0
34.293097 -5.957711 0
36.359151 -5.616093 0
38.482829 -5.275703 0
40.663600 -4.943364 0
42.900908 -4.626276 0
45.194176 -4.331990 0
47.542802 -4.068383 0
49.946163 -3.843617 0
52.403611 -3.666098 0
54.914479 -3.544436 0
57.478076 -3.487400 0
60.093691 -3.503872 0
62.760599 -3.602796 0
65.478059 -3.793121 0
68.245314 -4.083748 0
71.061592 -4.483460 0
73.926107 -4.999854 0
76.838061 -5.639270 0
79.796644 -6.408710 0
82.801035 -7.314759 0
85.850404 -8.363495 0
88.943914 -9.560422 0
92.080720 -10.910378 0
95.259968 -12.417480 0
98.480800 -14.085060 0
101.74235 -15.915609 0
105.04375 -17.910722 0
108.38413 -20.071056 0
111.76262 -22.396293 0
115.17835 -24.885101 0
118.63045 -27.535098 0
122.11804 -30.342828 0
125.64026 -33.303742 0
129.19624 -36.412176 0
132.78511 -39.661333 0
136.40601 -43.043273 0
140.05808 -46.548899 0
143.74045 -50.167963 0
147.45227 -53.889061 0
151.19268 -57.699646 0
154.96083 -61.586021 0
158.75587 -65.533351 0
162.57695 -69.525676 0
166.42323 -73.545922 0
170.29386 -77.575927 0
174.18799 -81.596469 0
178.10480 -85.587299 0
182.04346 -89.527181 0
186.00313 -93.393937 0
189.98298 -97.164500 0
193.98219 -100.815960 0
198.00000 -104.325612 0
202.03081 -107.671022 0
206.07366 -110.830098 0
210.12586 -113.781150 0
214.18676 -116.502988 0
218.25572 -118.974992 0
222.33213 -121.177211 0
226.41542 -123.090456 0
230.50503 -124.696384 0
234.60048 -125.977583 0
238.70128 -126.917653 0
242.80698 -127.501289 0
246.91717 -127.714355 0
251.03146 -127.543940 0
255.14950 -126.978402 0
259.27098 -126.007419 0
263.39560 -124.622048 0
267.52311 -122.814768 0
271.65329 -120.579519 0
275.78595 -117.911734 0
279.92095 -114.808383 0
284.05818 -111.267012 0
288.19755 -107.285772 0
292.33903 -102.863449 0
296.48261 -98.000000 0
300.62831 -93.115171 0
304.77615 -87.735995 0
308.92620 -81.917701 0
313.07854 -75.666169 0
317.23326 -68.987066 0
321.39048 -61.885868 0
325.55032 -54.367895 0
329.71294 -46.438339 0
333.87849 -38.102300 0
338.04717 -29.364820 0
342.21915 -20.230919 0
346.39464 -10.705627 0
350.57385 -0.793017 0
354.75699 9.500692 0
358.94431 20.169407 0
363.13605 31.207121 0
367.33248 42.607928 0
371.53387 54.365020 0
375.74051 66.470704 0
379.95270 78.916402 0
384.17075 91.692668 0
388.39499 104.7892 0 
