457.000000 0.575820 0.000000
455.514030 0.963471 0.000000
451.084124 2.186638 0.000000
443.784464 4.341492 0.000000
433.743111 7.373979 0.000000
421.129487 11.189569 0.000000
406.155793 15.604609 0.000000
389.073801 20.370509 0.000000
370.180292 25.215560 0.000000
349.799797 29.839659 0.000000
328.272021 33.918903 0.000000
305.941655 37.147854 0.000000
283.149129 39.248238 0.000000
260.228742 39.995960 0.000000
237.491321 39.421739 0.000000
215.228639 37.600642 0.000000
193.712615 34.708846 0.000000
173.197063 30.933333 0.000000
153.910385 26.505708 0.000000
136.050514 21.670355 0.000000
119.789178 16.681144 0.000000
105.271312 11.785368 0.000000
92.610543 7.199651 0.000000
81.884144 3.125139 0.000000
73.136209 -0.279769 0.000000
66.386001 -2.909015 0.000000
61.597148 -4.717621 0.000000
58.650892 -5.708298 0.000000
57.348425 -6.071720 0.000000
57.261974 -6.215570 0.000000
58.479363 -6.655938 0.000000
61.260846 -7.592532 0.000000
65.738128 -9.000965 0.000000
71.954600 -10.828238 0.000000
79.880486 -12.980689 0.000000
89.431265 -15.349767 0.000000
100.505435 -17.828062 0.000000
112.992688 -20.316854 0.000000
126.772583 -22.731454 0.000000
141.714421 -24.999650 0.000000
157.674902 -27.058348 0.000000
174.508535 -28.850785 0.000000
192.067344 -30.330872 0.000000
210.199505 -31.464972 0.000000
228.749666 -32.222383 0.000000
247.567087 -32.593766 0.000000
266.495034 -32.571408 0.000000
285.385552 -32.158302 0.000000
304.095068 -31.367067 0.000000
322.484279 -30.210452 0.000000
340.416801 -28.710185 0.000000
357.766345 -26.901596 0.000000
374.411634 -24.823908 0.000000
390.239272 -22.520443 0.000000
405.143793 -20.040289 0.000000
419.030588 -17.437987 0.000000
431.815555 -14.773539 0.000000
443.430032 -12.109841 0.000000
457.000000 -8.922118 0.000000