  0.00005     0.00178
  0.00044    -0.00561
  0.00264    -0.01120
  0.00789    -0.01427
  0.01718    -0.01550
  0.03006    -0.01584
  0.04627    -0.01532
  0.06561    -0.01404
  0.08787    -0.01202
  0.11282    -0.00925
  0.14020    -0.00563
  0.17006    -0.00075
  0.20278     0.00535
  0.23840     0.01213
  0.27673     0.01928
  0.31750     0.02652
  0.36044     0.03358
  0.40519     0.04021
  0.45139     0.04618
  0.49860     0.05129
  0.54639     0.05534
  0.59428     0.05820
  0.64176     0.05976
  0.68832     0.05994
  0.73344     0.05872
  0.77660     0.05612
  0.81729     0.05219
  0.85500     0.04706
  0.88928     0.04088
  0.91966     0.03387
  0.94573     0.02624
  0.96693     0.01822
  0.98255     0.01060
  0.99268     0.00468
  0.99825     0.00115
  1.00000     0.00000
