1.00000     0.00000
  0.99838     0.00126
  0.99417     0.00494
  0.98825     0.01037
  0.98075     0.01646
  0.97111     0.02250
  0.95884     0.02853
  0.94389     0.03476
  0.92639     0.04116
  0.90641     0.04768
  0.88406     0.05427
  0.85947     0.06089
  0.83277     0.06749
  0.80412     0.07402
  0.77369     0.08044
  0.74166     0.08671
  0.70823     0.09277
  0.67360     0.09859
  0.63798     0.10412
  0.60158     0.10935
  0.56465     0.11425
  0.52744     0.11881
  0.49025     0.12303
  0.45340     0.12683
  0.41721     0.13011
  0.38193     0.13271
  0.34777     0.13447
  0.31488     0.13526
  0.28347     0.13505
  0.25370     0.13346
  0.22541     0.13037
  0.19846     0.12594
  0.17286     0.12026
  0.14863     0.11355
  0.12591     0.10598
  0.10482     0.09770
  0.08545     0.08879
  0.06789     0.07940
  0.05223     0.06965
  0.03855     0.05968
  0.02694     0.04966
  0.01755     0.03961
  0.01028     0.02954
  0.00495     0.01969
  0.00155     0.01033
  0.00005     0.00178
